vesselCount = 9
UT = 5004619.9181296881
gameMode = CAREER
gameNull = False
gameCompatible = True
funds = 2849236.3656014409
science = 411
reputationPercent = 55
ongoingContracts = 1
missionCurrentScore = 0
missionIsStarted = False
missionIsEnded = False
missionHistoryId = 00000000-0000-0000-0000-000000000000
saveMD5 = 9610b45eeda7a17bf584bc71bbc741fd
