vesselCount = 1
UT = 20795.826990262922
gameMode = CAREER
gameNull = False
gameCompatible = True
funds = 525381.3609618526
science = 12
reputationPercent = 17
ongoingContracts = 1
missionCurrentScore = 0
missionIsStarted = False
missionIsEnded = False
missionHistoryId = 00000000-0000-0000-0000-000000000000
saveMD5 = 1145dc4e79be7dbb7195204c5eb1fc2e
