vesselCount = 9
UT = 25940249.935080413
gameMode = CAREER
gameNull = False
gameCompatible = True
funds = 1598931.2181051876
science = 2847
reputationPercent = 65
ongoingContracts = 4
missionCurrentScore = 0
missionIsStarted = False
missionIsEnded = False
missionHistoryId = 00000000-0000-0000-0000-000000000000
saveMD5 = 4964a571cc5b31a04b3529ef670ab93e
