vesselCount = 1
UT = 19381.301743652741
gameMode = CAREER
gameNull = False
gameCompatible = True
funds = 561841.25962918811
science = 55
reputationPercent = 15
ongoingContracts = 1
missionCurrentScore = 0
missionIsStarted = False
missionIsEnded = False
missionHistoryId = 00000000-0000-0000-0000-000000000000
saveMD5 = 575739c4c11c1a99613fffbc8e42d677
