vesselCount = 0
UT = 256127.61824373389
gameMode = CAREER
gameNull = False
gameCompatible = True
funds = 943750.5486041999
science = 168
reputationPercent = 25
ongoingContracts = 1
missionCurrentScore = 0
missionIsStarted = False
missionIsEnded = False
missionHistoryId = 00000000-0000-0000-0000-000000000000
saveMD5 = 5d6bf41b451315e179e5e916be349575
