vesselCount = 9
UT = 11003484.088878589
gameMode = CAREER
gameNull = False
gameCompatible = True
funds = 1347600.8902801182
science = 74
reputationPercent = 65
ongoingContracts = 3
missionCurrentScore = 0
missionIsStarted = False
missionIsEnded = False
missionHistoryId = 00000000-0000-0000-0000-000000000000
saveMD5 = 818b2bdd4f2e9489092d6374097eca0f
