vesselCount = 0
UT = 256147.73824372335
gameMode = CAREER
gameNull = False
gameCompatible = True
funds = 661750.5486041999
science = 78
reputationPercent = 25
ongoingContracts = 1
missionCurrentScore = 0
missionIsStarted = False
missionIsEnded = False
missionHistoryId = 00000000-0000-0000-0000-000000000000
saveMD5 = 254225c1c1ae3dfa90d3a81e2770394d
