vesselCount = 2
UT = 1588942.6294001774
gameMode = CAREER
gameNull = False
gameCompatible = True
funds = 455437.60935448017
science = 75
reputationPercent = 33
ongoingContracts = 1
missionCurrentScore = 0
missionIsStarted = False
missionIsEnded = False
missionHistoryId = 00000000-0000-0000-0000-000000000000
saveMD5 = 7590eb7cbf703808a3136ac53d4cb869
