vesselCount = 9
UT = 6192762.1902019745
gameMode = CAREER
gameNull = False
gameCompatible = True
funds = 1162499.5621351209
science = 17
reputationPercent = 63
ongoingContracts = 5
missionCurrentScore = 0
missionIsStarted = False
missionIsEnded = False
missionHistoryId = 00000000-0000-0000-0000-000000000000
saveMD5 = 482ec7c34476b1fb0cc8356e1a9fc08e
