vesselCount = 1
UT = 442610.77107303403
gameMode = CAREER
gameNull = False
gameCompatible = True
funds = 909165.96981973411
science = 78
reputationPercent = 25
ongoingContracts = 1
missionCurrentScore = 0
missionIsStarted = False
missionIsEnded = False
missionHistoryId = 00000000-0000-0000-0000-000000000000
saveMD5 = 017971c26721de1421c4237667159206
