vesselCount = 3
UT = 2113992.9745395104
gameMode = CAREER
gameNull = False
gameCompatible = True
funds = 634204.61744831409
science = 3
reputationPercent = 35
ongoingContracts = 3
missionCurrentScore = 0
missionIsStarted = False
missionIsEnded = False
missionHistoryId = 00000000-0000-0000-0000-000000000000
saveMD5 = 6dc85ba6606e9e097e80fc4e5d1d51aa
