vesselCount = 3
UT = 2098188.2691444508
gameMode = CAREER
gameNull = False
gameCompatible = True
funds = 883818.51588581409
science = 108
reputationPercent = 37
ongoingContracts = 2
missionCurrentScore = 0
missionIsStarted = False
missionIsEnded = False
missionHistoryId = 00000000-0000-0000-0000-000000000000
saveMD5 = 6c420ce007c1b9e934a16b5ab03db782
