vesselCount = 10
UT = 6238707.4736166466
gameMode = CAREER
gameNull = False
gameCompatible = True
funds = 976265.59338512085
science = 227
reputationPercent = 63
ongoingContracts = 5
missionCurrentScore = 0
missionIsStarted = False
missionIsEnded = False
missionHistoryId = 00000000-0000-0000-0000-000000000000
saveMD5 = 32e00209f25a3490125d84b110123947
