vesselCount = 10
UT = 5208816.2203387534
gameMode = CAREER
gameNull = False
gameCompatible = True
funds = 1354715.3927628007
science = 484
reputationPercent = 58
ongoingContracts = 5
missionCurrentScore = 0
missionIsStarted = False
missionIsEnded = False
missionHistoryId = 00000000-0000-0000-0000-000000000000
saveMD5 = 72958850b1f7a9a13ea38fac06a353f1
