vesselCount = 3
UT = 2046617.9388848154
gameMode = CAREER
gameNull = False
gameCompatible = True
funds = 575704.61744831409
science = 1
reputationPercent = 34
ongoingContracts = 3
missionCurrentScore = 0
missionIsStarted = False
missionIsEnded = False
missionHistoryId = 00000000-0000-0000-0000-000000000000
saveMD5 = 681d6502ce684bba9d715bdd1325c393
