vesselCount = 1
UT = 19472.225891603903
gameMode = CAREER
gameNull = False
gameCompatible = True
funds = 561841.25962918811
science = 55
reputationPercent = 15
ongoingContracts = 1
missionCurrentScore = 0
missionIsStarted = False
missionIsEnded = False
missionHistoryId = 00000000-0000-0000-0000-000000000000
saveMD5 = 7df76c8b2d755c14c6816033147fed1f
