vesselCount = 10
UT = 7572512.8214835618
gameMode = CAREER
gameNull = False
gameCompatible = True
funds = 1008359.5933851209
science = 227
reputationPercent = 63
ongoingContracts = 5
missionCurrentScore = 0
missionIsStarted = False
missionIsEnded = False
missionHistoryId = 00000000-0000-0000-0000-000000000000
saveMD5 = 2cde1199ca526bb45f6eec936e7ef569
