vesselCount = 3
UT = 2114483.140340534
gameMode = CAREER
gameNull = False
gameCompatible = True
funds = 836284.61744831409
science = 17
reputationPercent = 37
ongoingContracts = 2
missionCurrentScore = 0
missionIsStarted = False
missionIsEnded = False
missionHistoryId = 00000000-0000-0000-0000-000000000000
saveMD5 = 3f4cec2044cf397dc489bbc914db13ea
