vesselCount = 10
UT = 6283581.1190398308
gameMode = CAREER
gameNull = False
gameCompatible = True
funds = 1002155.5933851209
science = 137
reputationPercent = 63
ongoingContracts = 5
missionCurrentScore = 0
missionIsStarted = False
missionIsEnded = False
missionHistoryId = 00000000-0000-0000-0000-000000000000
saveMD5 = 9d7a8c1b3f1eac532700221514cd987d
