vesselCount = 3
UT = 2114223.7269614241
gameMode = CAREER
gameNull = False
gameCompatible = True
funds = 634204.61744831409
science = 3
reputationPercent = 35
ongoingContracts = 3
missionCurrentScore = 0
missionIsStarted = False
missionIsEnded = False
missionHistoryId = 00000000-0000-0000-0000-000000000000
saveMD5 = 19fa807c0596dbc32085519b23e1ec14
