vesselCount = 10
UT = 9493665.6629622895
gameMode = CAREER
gameNull = False
gameCompatible = True
funds = 874675.16002642177
science = 17
reputationPercent = 63
ongoingContracts = 5
missionCurrentScore = 0
missionIsStarted = False
missionIsEnded = False
missionHistoryId = 00000000-0000-0000-0000-000000000000
saveMD5 = 7a2925dede03f526cba64d237902c0a8
