vesselCount = 3
UT = 2049218.6616681726
gameMode = CAREER
gameNull = False
gameCompatible = True
funds = 602633.51588581409
science = 91
reputationPercent = 34
ongoingContracts = 3
missionCurrentScore = 0
missionIsStarted = False
missionIsEnded = False
missionHistoryId = 00000000-0000-0000-0000-000000000000
saveMD5 = 1052e63797accd2036641a03d2a7a205
