vesselCount = 2
UT = 697564.19248965336
gameMode = CAREER
gameNull = False
gameCompatible = True
funds = 1144060.7553262552
science = 89
reputationPercent = 27
ongoingContracts = 2
missionCurrentScore = 0
missionIsStarted = False
missionIsEnded = False
missionHistoryId = 00000000-0000-0000-0000-000000000000
saveMD5 = 4be77f1c63e91e7f0bdcb389255eed62
