vesselCount = 10
UT = 9495728.5504774973
gameMode = CAREER
gameNull = False
gameCompatible = True
funds = 874675.16002642177
science = 17
reputationPercent = 63
ongoingContracts = 5
missionCurrentScore = 0
missionIsStarted = False
missionIsEnded = False
missionHistoryId = 00000000-0000-0000-0000-000000000000
saveMD5 = 5776506144a412a228c0b74f10b23f5a
