vesselCount = 10
UT = 6226050.8967808103
gameMode = CAREER
gameNull = False
gameCompatible = True
funds = 1583861.5493683722
science = 547
reputationPercent = 63
ongoingContracts = 6
missionCurrentScore = 0
missionIsStarted = False
missionIsEnded = False
missionHistoryId = 00000000-0000-0000-0000-000000000000
saveMD5 = 483eeb6f4b6eb3119ab583f9fb6b61c1
