vesselCount = 2
UT = 737167.33890627499
gameMode = CAREER
gameNull = False
gameCompatible = True
funds = 439784.01331983414
science = 73
reputationPercent = 32
ongoingContracts = 2
missionCurrentScore = 0
missionIsStarted = False
missionIsEnded = False
missionHistoryId = 00000000-0000-0000-0000-000000000000
saveMD5 = 612103d1959a1bc004534cf29876190b
