vesselCount = 3
UT = 2095908.1359947359
gameMode = CAREER
gameNull = False
gameCompatible = True
funds = 634204.61744831409
science = 3
reputationPercent = 35
ongoingContracts = 3
missionCurrentScore = 0
missionIsStarted = False
missionIsEnded = False
missionHistoryId = 00000000-0000-0000-0000-000000000000
saveMD5 = 0e5f489b86eb7cd3575b3f0ea4cff3ae
