vesselCount = 11
UT = 6277284.7078569168
gameMode = CAREER
gameNull = False
gameCompatible = True
funds = 1141303.8824574689
science = 96
reputationPercent = 63
ongoingContracts = 2
missionCurrentScore = 0
missionIsStarted = False
missionIsEnded = False
missionHistoryId = 00000000-0000-0000-0000-000000000000
saveMD5 = 249dad70883133df2d4930308091672a
