vesselCount = 3
UT = 2046496.4748319737
gameMode = CAREER
gameNull = False
gameCompatible = True
funds = 583096.54713581409
science = 1
reputationPercent = 34
ongoingContracts = 3
missionCurrentScore = 0
missionIsStarted = False
missionIsEnded = False
missionHistoryId = 00000000-0000-0000-0000-000000000000
saveMD5 = 14baed44760687f8c4bb027ff5bcdaff
