vesselCount = 1
UT = 45385.99854422675
gameMode = CAREER
gameNull = False
gameCompatible = True
funds = 683786.84110015444
science = 36
reputationPercent = 22
ongoingContracts = 1
missionCurrentScore = 0
missionIsStarted = False
missionIsEnded = False
missionHistoryId = 00000000-0000-0000-0000-000000000000
saveMD5 = 3214d44ed444c4ebf7fc1ebf35a6f44d
