vesselCount = 2
UT = 442896.93107330054
gameMode = CAREER
gameNull = False
gameCompatible = True
funds = 920350.75532625534
science = 78
reputationPercent = 25
ongoingContracts = 2
missionCurrentScore = 0
missionIsStarted = False
missionIsEnded = False
missionHistoryId = 00000000-0000-0000-0000-000000000000
saveMD5 = 971bdc9552d659fdb501f2257e9683cf
