vesselCount = 3
UT = 2114425.5022740643
gameMode = CAREER
gameNull = False
gameCompatible = True
funds = 823804.61744831409
science = 16
reputationPercent = 37
ongoingContracts = 2
missionCurrentScore = 0
missionIsStarted = False
missionIsEnded = False
missionHistoryId = 00000000-0000-0000-0000-000000000000
saveMD5 = 00a61f067c140d38c762c27a102f6d53
