vesselCount = 10
UT = 9495783.01047628
gameMode = CAREER
gameNull = False
gameCompatible = True
funds = 874675.16002642177
science = 17
reputationPercent = 63
ongoingContracts = 5
missionCurrentScore = 0
missionIsStarted = False
missionIsEnded = False
missionHistoryId = 00000000-0000-0000-0000-000000000000
saveMD5 = 25b09b83c971e7c021c9b39d395b916e
