vesselCount = 10
UT = 5853327.0268022968
gameMode = CAREER
gameNull = False
gameCompatible = True
funds = 1280293.5092617478
science = 869
reputationPercent = 61
ongoingContracts = 4
missionCurrentScore = 0
missionIsStarted = False
missionIsEnded = False
missionHistoryId = 00000000-0000-0000-0000-000000000000
saveMD5 = 7a2bc9ea04bf04ab2706ff3d0d18e77c
