vesselCount = 10
UT = 9479526.294067923
gameMode = CAREER
gameNull = False
gameCompatible = True
funds = 874675.16002642177
science = 17
reputationPercent = 63
ongoingContracts = 5
missionCurrentScore = 0
missionIsStarted = False
missionIsEnded = False
missionHistoryId = 00000000-0000-0000-0000-000000000000
saveMD5 = 42169ca55ed18c451a7d75cc2ca1b859
