vesselCount = 3
UT = 2114490.622274125
gameMode = CAREER
gameNull = False
gameCompatible = True
funds = 823804.61744831409
science = 16
reputationPercent = 37
ongoingContracts = 2
missionCurrentScore = 0
missionIsStarted = False
missionIsEnded = False
missionHistoryId = 00000000-0000-0000-0000-000000000000
saveMD5 = 254ceb84374940e4b83b62a38fe648bc
