vesselCount = 3
UT = 2218231.6059070178
gameMode = CAREER
gameNull = False
gameCompatible = True
funds = 852534.61744831409
science = 17
reputationPercent = 37
ongoingContracts = 2
missionCurrentScore = 0
missionIsStarted = False
missionIsEnded = False
missionHistoryId = 00000000-0000-0000-0000-000000000000
saveMD5 = 7ec6e27fba0a8769360f1326da09b68f
