vesselCount = 3
UT = 2091329.5684456718
gameMode = CAREER
gameNull = False
gameCompatible = True
funds = 608204.61744831409
science = 1
reputationPercent = 34
ongoingContracts = 3
missionCurrentScore = 0
missionIsStarted = False
missionIsEnded = False
missionHistoryId = 00000000-0000-0000-0000-000000000000
saveMD5 = 0b82715c259daf89c9f7477c23b509e0
