vesselCount = 3
UT = 2238081.5108586266
gameMode = CAREER
gameNull = False
gameCompatible = True
funds = 852534.61744831409
science = 17
reputationPercent = 37
ongoingContracts = 2
missionCurrentScore = 0
missionIsStarted = False
missionIsEnded = False
missionHistoryId = 00000000-0000-0000-0000-000000000000
saveMD5 = 56e3149e751d8cd59f17f2ae61d73d05
