vesselCount = 10
UT = 6193190.1811580369
gameMode = CAREER
gameNull = False
gameCompatible = True
funds = 950154.59338512085
science = 137
reputationPercent = 63
ongoingContracts = 5
missionCurrentScore = 0
missionIsStarted = False
missionIsEnded = False
missionHistoryId = 00000000-0000-0000-0000-000000000000
saveMD5 = 8fb2905c97562c33225b9898677b1b24
