vesselCount = 10
UT = 6193387.8626722163
gameMode = CAREER
gameNull = False
gameCompatible = True
funds = 922233.59338512085
science = 227
reputationPercent = 63
ongoingContracts = 5
missionCurrentScore = 0
missionIsStarted = False
missionIsEnded = False
missionHistoryId = 00000000-0000-0000-0000-000000000000
saveMD5 = 4ca52898772ccf22b2878f4f455df539
