vesselCount = 12
UT = 6193062.9132726714
gameMode = CAREER
gameNull = False
gameCompatible = True
funds = 1057595.5543226209
science = 87
reputationPercent = 63
ongoingContracts = 3
missionCurrentScore = 0
missionIsStarted = False
missionIsEnded = False
missionHistoryId = 00000000-0000-0000-0000-000000000000
saveMD5 = 34133c35c86d56c639b00fd439108aa9
