vesselCount = 1
UT = 19620.882766606999
gameMode = CAREER
gameNull = False
gameCompatible = True
funds = 561841.25962918811
science = 55
reputationPercent = 15
ongoingContracts = 1
missionCurrentScore = 0
missionIsStarted = False
missionIsEnded = False
missionHistoryId = 00000000-0000-0000-0000-000000000000
saveMD5 = 05db8fccb6477a580ab8687f1763ddea
