vesselCount = 0
UT = 20541.446990257369
gameMode = CAREER
gameNull = False
gameCompatible = True
funds = 526989.3687743526
science = 12
reputationPercent = 17
ongoingContracts = 0
missionCurrentScore = 0
missionIsStarted = False
missionIsEnded = False
missionHistoryId = 00000000-0000-0000-0000-000000000000
saveMD5 = 57f45d2cd1e2d0869aa6cb321a113973
