vesselCount = 3
UT = 2046615.8548320848
gameMode = CAREER
gameNull = False
gameCompatible = True
funds = 591221.54713581409
science = 1
reputationPercent = 34
ongoingContracts = 3
missionCurrentScore = 0
missionIsStarted = False
missionIsEnded = False
missionHistoryId = 00000000-0000-0000-0000-000000000000
saveMD5 = 9d13d369fc576bd606f6f95528470ac0
