vesselCount = 3
UT = 2094603.9364535112
gameMode = CAREER
gameNull = False
gameCompatible = True
funds = 608204.61744831409
science = 1
reputationPercent = 34
ongoingContracts = 3
missionCurrentScore = 0
missionIsStarted = False
missionIsEnded = False
missionHistoryId = 00000000-0000-0000-0000-000000000000
saveMD5 = 98541c0b1a2db7a43e7ee2632295e749
