vesselCount = 3
UT = 2046772.4948322307
gameMode = CAREER
gameNull = False
gameCompatible = True
funds = 575704.61744831409
science = 1
reputationPercent = 34
ongoingContracts = 3
missionCurrentScore = 0
missionIsStarted = False
missionIsEnded = False
missionHistoryId = 00000000-0000-0000-0000-000000000000
saveMD5 = 416f878aa4c0f65c1390f10e7cc05ca2
