vesselCount = 1
UT = 42966.960587707872
gameMode = CAREER
gameNull = False
gameCompatible = True
funds = 684038.84110015444
science = 36
reputationPercent = 22
ongoingContracts = 1
missionCurrentScore = 0
missionIsStarted = False
missionIsEnded = False
missionHistoryId = 00000000-0000-0000-0000-000000000000
saveMD5 = 1ccfc1d95cd5cfdec0de668ed1cf1139
