vesselCount = 10
UT = 9513199.0471286532
gameMode = CAREER
gameNull = False
gameCompatible = True
funds = 886863.16002642177
science = 17
reputationPercent = 63
ongoingContracts = 5
missionCurrentScore = 0
missionIsStarted = False
missionIsEnded = False
missionHistoryId = 00000000-0000-0000-0000-000000000000
saveMD5 = 9e366c9aacbd18e96e9ebe645e66f5c2
