vesselCount = 10
UT = 6346985.3489538543
gameMode = CAREER
gameNull = False
gameCompatible = True
funds = 1032218.5933851209
science = 137
reputationPercent = 63
ongoingContracts = 5
missionCurrentScore = 0
missionIsStarted = False
missionIsEnded = False
missionHistoryId = 00000000-0000-0000-0000-000000000000
saveMD5 = 4b7d84b18665bfe09f7ffd3ccd26ec33
