vesselCount = 3
UT = 2048893.8356525046
gameMode = CAREER
gameNull = False
gameCompatible = True
funds = 613553.50416706409
science = 91
reputationPercent = 34
ongoingContracts = 3
missionCurrentScore = 0
missionIsStarted = False
missionIsEnded = False
missionHistoryId = 00000000-0000-0000-0000-000000000000
saveMD5 = 7de022a112b9c4e49c842362fae7cb74
