vesselCount = 10
UT = 6282333.9000390684
gameMode = CAREER
gameNull = False
gameCompatible = True
funds = 1002155.5933851209
science = 137
reputationPercent = 63
ongoingContracts = 5
missionCurrentScore = 0
missionIsStarted = False
missionIsEnded = False
missionHistoryId = 00000000-0000-0000-0000-000000000000
saveMD5 = 855b4f452fb0f83ee999f7d3c25330e8
