vesselCount = 3
UT = 2109367.8828012384
gameMode = CAREER
gameNull = False
gameCompatible = True
funds = 634204.61744831409
science = 3
reputationPercent = 35
ongoingContracts = 3
missionCurrentScore = 0
missionIsStarted = False
missionIsEnded = False
missionHistoryId = 00000000-0000-0000-0000-000000000000
saveMD5 = 8a21aba9bb147aea0744183a16ee4759
