vesselCount = 1
UT = 66392.404659965658
gameMode = CAREER
gameNull = False
gameCompatible = True
funds = 702758.84110015444
science = 38
reputationPercent = 22
ongoingContracts = 1
missionCurrentScore = 0
missionIsStarted = False
missionIsEnded = False
missionHistoryId = 00000000-0000-0000-0000-000000000000
saveMD5 = 0966afe2b62faffed32def6eae210332
