vesselCount = 1
UT = 109153.13832208503
gameMode = CAREER
gameNull = False
gameCompatible = True
funds = 712529.97534293891
science = 38
reputationPercent = 22
ongoingContracts = 2
missionCurrentScore = 0
missionIsStarted = False
missionIsEnded = False
missionHistoryId = 00000000-0000-0000-0000-000000000000
saveMD5 = 86b88334e6a494eb53fc6988450396e2
