vesselCount = 10
UT = 5359615.4784795158
gameMode = CAREER
gameNull = False
gameCompatible = True
funds = 1405902.3927628007
science = 484
reputationPercent = 58
ongoingContracts = 5
missionCurrentScore = 0
missionIsStarted = False
missionIsEnded = False
missionHistoryId = 00000000-0000-0000-0000-000000000000
saveMD5 = 0d056c7702e82968934a256da6f000a0
