vesselCount = 10
UT = 10856357.697805785
gameMode = CAREER
gameNull = False
gameCompatible = True
funds = 886863.16002642177
science = 17
reputationPercent = 63
ongoingContracts = 5
missionCurrentScore = 0
missionIsStarted = False
missionIsEnded = False
missionHistoryId = 00000000-0000-0000-0000-000000000000
saveMD5 = 1b07435254e07b53682263de74dd9b5c
