vesselCount = 3
UT = 2081440.9076057789
gameMode = CAREER
gameNull = False
gameCompatible = True
funds = 575704.61744831409
science = 1
reputationPercent = 34
ongoingContracts = 3
missionCurrentScore = 0
missionIsStarted = False
missionIsEnded = False
missionHistoryId = 00000000-0000-0000-0000-000000000000
saveMD5 = 3be7f88ac9d3286b9bd5f8702e1545b1
