vesselCount = 10
UT = 5110052.0431785304
gameMode = CAREER
gameNull = False
gameCompatible = True
funds = 2834026.3800581899
science = 111
reputationPercent = 55
ongoingContracts = 6
missionCurrentScore = 0
missionIsStarted = False
missionIsEnded = False
missionHistoryId = 00000000-0000-0000-0000-000000000000
saveMD5 = 458f486b104d24aa59d80dcc60e00ad0
