vesselCount = 1
UT = 23697.874005683509
gameMode = CAREER
gameNull = False
gameCompatible = True
funds = 541238.84110015444
science = 25
reputationPercent = 20
ongoingContracts = 1
missionCurrentScore = 0
missionIsStarted = False
missionIsEnded = False
missionHistoryId = 00000000-0000-0000-0000-000000000000
saveMD5 = 27c0910dd67c5d252896968e373d72ac
