vesselCount = 10
UT = 6192302.2063366426
gameMode = CAREER
gameNull = False
gameCompatible = True
funds = 1308133.5092617478
science = 871
reputationPercent = 61
ongoingContracts = 4
missionCurrentScore = 0
missionIsStarted = False
missionIsEnded = False
missionHistoryId = 00000000-0000-0000-0000-000000000000
saveMD5 = 42f3ac6fcf7345c78d6e756e4e8b15d1
