vesselCount = 1
UT = 53908.317599372727
gameMode = CAREER
gameNull = False
gameCompatible = True
funds = 684038.84110015444
science = 36
reputationPercent = 22
ongoingContracts = 1
missionCurrentScore = 0
missionIsStarted = False
missionIsEnded = False
missionHistoryId = 00000000-0000-0000-0000-000000000000
saveMD5 = 936965a97181daefb8a2e3a5e6337693
