vesselCount = 10
UT = 6284406.9342928892
gameMode = CAREER
gameNull = False
gameCompatible = True
funds = 1002155.5933851209
science = 137
reputationPercent = 63
ongoingContracts = 5
missionCurrentScore = 0
missionIsStarted = False
missionIsEnded = False
missionHistoryId = 00000000-0000-0000-0000-000000000000
saveMD5 = 092e01f0c2000a6039dd17601242a919
