vesselCount = 10
UT = 9013222.6227659211
gameMode = CAREER
gameNull = False
gameCompatible = True
funds = 1008359.5933851209
science = 227
reputationPercent = 63
ongoingContracts = 5
missionCurrentScore = 0
missionIsStarted = False
missionIsEnded = False
missionHistoryId = 00000000-0000-0000-0000-000000000000
saveMD5 = 03f39c85fe368acd294cee9a663da29d
