vesselCount = 1
UT = 16894.89971601166
gameMode = CAREER
gameNull = False
gameCompatible = True
funds = 401063.60477331677
science = 42
reputationPercent = 13
ongoingContracts = 1
missionCurrentScore = 0
missionIsStarted = False
missionIsEnded = False
missionHistoryId = 00000000-0000-0000-0000-000000000000
saveMD5 = 96325ce22c13fa46d48538478790a5fb
