vesselCount = 1
UT = 23653.854005682548
gameMode = CAREER
gameNull = False
gameCompatible = True
funds = 551009.97534293891
science = 25
reputationPercent = 20
ongoingContracts = 2
missionCurrentScore = 0
missionIsStarted = False
missionIsEnded = False
missionHistoryId = 00000000-0000-0000-0000-000000000000
saveMD5 = 00632f488de2003cf723c190f471714a
