vesselCount = 3
UT = 2095397.917342243
gameMode = CAREER
gameNull = False
gameCompatible = True
funds = 634204.61744831409
science = 3
reputationPercent = 35
ongoingContracts = 3
missionCurrentScore = 0
missionIsStarted = False
missionIsEnded = False
missionHistoryId = 00000000-0000-0000-0000-000000000000
saveMD5 = 12118798eed07034962ddb215c0e09d8
